# 断面直線の2点と護岸点（元データ座標系 [x, y, z]）
points:
  point1: [-0.036713, 0.373845, -1.278917]   # 水槽の点
  point2: [-0.029054, -0.255728, -0.746375]   # 土層の点
  revetment: [0.011898, 0.086200, -0.854366]  # 護岸内側の点をピックアップ
