# 断面直線の2点と護岸点（元データ座標系 [x, y, z]）
points:
  point1: [-0.017886, 0.374809,-1.207308]  # 水槽の点
  point2: [-0.050339,-0.274244,-0.733318]   # 土層の点
  revetment: [0.015795, 0.111434, -0.836145]  # 護岸内側の点をピックアップ
